00000000
00011100
00110110
01001110
01100010
01110001
01111011
01111111
01111101
01110101
01100111
01010100
00111101
00100011
00001000
11101100
11010001
10111001
10100011
10010011
10000111
10000010
10000010
10001001
10010101
10100110
10111100
11010101
11110000
00001100
00100111
01000001
01010111
01101001
01110110
01111101
01111111
01111010
01101111
01011111
01001011
00110010
00011000
11111100
11100000
11000110
10101111
10011100
10001101
10000100
10000001
10000100
10001101
10011100
10101111
11000110
11100000
11111100
00011000
00110010
01001011
01011111
01101111
01111010
01111111
01111101
01110110
01101001
01010111
01000001
00100111
00001100
11110000
11010101
10111100
10100110
10010101
10001001
10000010
10000010
10000111
10010011
10100011
10111001
11010001
11101100
00001000
00100011
00111101
01010100
01100111
01110101
01111101
01111111
01111011
01110001
01100010
01001110
00110110
00011100
00000000
11100100
11001010
10110010
10011110
10001111
10000101
10000001
10000011
10001011
10011001
10101100
11000011
11011101
11111000
00010100
00101111
01000111
01011101
01101101
01111001
01111110
01111110
01110111
01101011
01011010
01000100
00101011