00000000000000000000000000000
11111111101111011110000101100
11111111010011111010101011011
11111110100111110100111010100
11111011000001001001001010001
00000101001000111001100100111
00000001110110010000010010000
00000001001001100000100011010
00000000111000111101001110010
00000000101110111101001001011
00000000101000011011001100100
00000000100110010011101111001
00000000100001000011100100011
00000000011010110000011110100
00000000011000110101001101011
00000000010111000001111000111
00000000010011010100001000000
00000000010000100111010100010
00000000010011111011010011101
00000000010001010000111100001
00000000001110001110001100100
00000000010000110001101110101
00000000001101001001110101010
00000000001100011000110111110
00000000001111000001010111101
00000000001001101010000011010
00000000001101010000111110100
00000000001010010010101111010
00000000001010011010100001010
00000000000111010101110100011
00000000000111101010001100101
00000000001001001000001010010
00000000001000000000000000000
00000000000111011101011111110
00000000000101010110101100100
00000000001000011111110000110
00000000000101011000100110010
00000000000101001000000101011
00000000000111110000000101100
11111111111111110100101000011
00000000000101000100111111101
00000000000101100111011101111
00000000000101101011010100101
00000000000011010100111000010
00000000000110001111010110011
00000000000011011001011111110
00000000000100101110001000110
00000000000000100101110110001
00000000000011010100001000000
11111111111111100001110110100
00000000000011110100000110110
00000000000010100101011000111
00000000000101110100011010010
00000000000110100110011100101
00000000000001001100110001111
00000000000011010011011011111
11111111111111000000110110010
00000000000010000110101111110
00000000000000000010011101000
00000000000000011110111011011
00000000000000110110111011001
11111111111111111011011000110
11111111111010111001101110010
11111111111111111101100010000
00000000000000000000000000000
11111111111111111111101010110
00000000000101000110001100101
00000000000000000100011111000
11111111111111001001000100111
11111111111111100001000110111
11111111111111111110000000010
11111111111101111001101110110
00000000000000111111001001110
11111111111100101110011011111
11111111111110110100001101000
11111111111001011001100000111
11111111111010001011100101101
11111111111101011100000000100
11111111111100001100000110011
00000000000000011110110110101
11111111111100101011111000000
11111111111111011010010001110
11111111111011010001000010011
11111111111100100110011101011
11111111111001110000101001100
11111111111100101100101001111
11111111111010010011110101100
11111111111010011010010100110
11111111111010111011000000011
00000000000000001110001001110
11111111111000010000100001000
11111111111010110111111111010
11111111111010100111011001110
11111111110111011111111001111
11111111111010101001111000111
11111111111000100001110101000
11111111111000000000000000000
11111111110110111001010111000
11111111111000010110011010100
11111111111000101001110000110
11111111110101100101011110100
11111111110101101100110100001
11111111110010101111101101010
11111111110110010011100110101
11111111110000111110101000011
11111111110011100110101001101
11111111110010110111100000101
11111111101111001110000000010
11111111110001110001110011011
11111111101110101111101101110
11111111101100000011110001100
11111111101111011000010101011
11111111101100101011111000000
11111111101000111111111100000
11111111100111001001100100000
11111111100101010000010010001
11111111011110111100011011100
11111111011001101011100100111
11111111010111100011011101111
11111111010001000010110110001
11111111000111000010110001110
11111110110110011111010110000
11111110001001110001110100010
11111010110111000110001101001
00000100111110110110110101101
00000001011000001001001100000
00000000101100000010111110000
00000000010000011101100011010