00010001110001000000000000000
00010010101111001110111100101
00010110001111100100111100001
00100000011000111110000111011
01011000011100010000100011010
10110110101001011001011111010
11101001000111100101110011010
11110011010101011101011011110
11110111100110101110110101110
11111001110110000010100100010
11111011010100111110111101010
11111100010000110001011000011
11111100111001000100010100110
11111101011010111101000001000
11111101101111010000010001011
11111110000011011111000011101
11111110010010100100100010000
11111110100001110111100100011
11111110100111110011110001001
11111110101100000111010001110
11111110110011101110011001001
11111110111010001101101111110
11111111000000111001011101100
11111111000010111011010111100
11111111001100001111011010010
11111111001100011101101110010
11111111001101111111011111110
11111111010010000110110111010
11111111010110101001100010110
11111111010101110100010101001
11111111011000111010011110100
11111111011001011101111111100
11111111011101000000000000000
11111111011101000001100111100
11111111011110000000100010010
11111111011110101000010110110
11111111100010111010000001000
11111111011111011101000011011
11111111100100001100100110010
11111111100100011001010000010
11111111100101000001010001101
11111111100011110011011100001
11111111100110001101010110100
11111111100101100101110101101
11111111100110000101100001101
11111111101001111011001000001
11111111100110100100010110111
11111111100011111100000111001
11111111100111011011011110000
11111111101011001110010111011
11111111100110100000011011101
11111111100111000011001111000
11111111101001101101001100001
11111111100111110100101111000
11111111101011111110111011111
11111111101000100111100010101
11111111100100000000011110010
11111111100111011001111011001
11111111100111110101111001000
11111111100100011010011111101
11111111101101100110011100101
11111111101010110011011011010
11111111101011101011101110100
11111111101010101011111111001
11111111101001000000000000000
11111111101010101101101100101
11111111101011101011111110001
11111111101010110011001000101
11111111101101100110011100110
11111111100100011011011011010
11111111100111110101101011100
11111111100111011100001011000
11111111100100000000011110010
11111111101000101001001001010
11111111101011111110110111010
11111111100111110100011110101
11111111101001101101001100010
11111111100111000100000010100
11111111100110011111111010111
11111111101011001101101011101
11111111100111011011011110000
11111111100011111100111010001
11111111100110100011111110111
11111111101001111010111111100
11111111100110000101100001101
11111111100101100100110001100
11111111100110001100110000110
11111111100011110011001010100
11111111100101000001010001110
11111111100100011010000101100
11111111100100001101100010010
11111111011111011100101110110
11111111100010111010000001000
11111111011110100110111100101
11111111011110000001110001010
11111111011100111110001011110
11111111011101000000000000000
11111111011001011011111011100
11111111011000111010100010100
11111111010101110011111110010
11111111010110101001100010110
11111111010010000110111011111
11111111001101111101100001000
11111111001100011101111001110
11111111001100001111011010011
11111111000010111010011001001
11111111000000111000011101100
11111110111010001110001010111
11111110110011101110011001001
11111110101100000110110010001
11111110100111110011100111011
11111110100001111000001000011
11111110010010100100100010000
11111110000011011110111101001
11111101101111001111110101011
11111101011010111100111010010
11111100111001000100010100111
11111100010000101111110101100
11111011010100111101001111011
11111001110110000001001010001
11110111100110101110110101110
11110011010101011000101101111
11101001000111100101011100000
10110110101001011000000010011
01011000011100010000100011011
00100000011000111110010100110
00010110001111100111110110110
00010010101111001110110110101